Cluster             0          1          2          3
yummy        0.822335   0.856905   0.359420   0.006452
convenient   0.969543   0.985025   0.794203   0.845161
spicy        0.065990   0.109817   0.104348   0.067742
fattening    0.756345   0.833611   0.953623   0.906452
greasy       0.065990   0.440932   0.855072   0.619355
fast         0.868020   0.961730   0.788406   0.925806
cheap        0.050761   0.970050   0.040580   0.848387
tasty        0.908629   0.975042   0.437681   0.064516
expensive    0.771574   0.039933   0.947826   0.054839
healthy      0.365482   0.304493   0.028986   0.077419
disgusting   0.020305   0.053245   0.484058   0.483871
Age         43.949239  43.164725  43.585507  48.948387
Like         2.593909   2.522463  -0.881159  -1.916129

Cluster sizes:
Cluster
0    197
1    601
2    345
3    310
Name: count, dtype: int64